% Data from Mattias Wahde
function cityLocation = LoadCityLocations
  cityLocation =  [ 0.2554 18.2366;  0.4339 15.2476;  0.7377  8.3137;  1.1354 16.5638;  1.5820 17.3030;  ...
                    2.0913  9.2924;  2.2631  5.3392;  2.6373  2.6425;  3.0040 19.5712;  3.6684 14.8018;  ...
                    3.8630 13.7008;  4.2065  9.8224;  4.8353  2.0944;  4.9785  3.1596;  5.3754 17.6381;  ...
                    5.9425  6.0360;  6.1451  3.8132;  6.7782 11.0125;  6.9223  7.7819;  7.5691  0.9378;  ...
                    7.8190 13.1697;  8.3332  5.9161;  8.5872  7.8303;  9.1224 14.5889;  9.4076  9.7166;  ...
                    9.7208  8.1154; 10.1662 19.1705; 10.7387  2.0090; 10.9354  5.1813; 11.3707  7.2406;  ...
                   11.7418 13.6874; 12.0526  4.7186; 12.6385 12.1000; 13.0950 13.6956; 13.3533 17.3524;  ...
                   13.8794  3.9479; 14.2674 15.8651; 14.5520 17.2489; 14.9737 13.2245; 15.2841  1.4455;  ...
                   15.5761 12.1270; 16.1313 14.2029; 16.4388 16.0084; 16.7821  9.4334; 17.3928 12.9692;  ...
                   17.5139  6.4828; 17.9487  7.5563; 18.3958  3.5112; 18.9696 19.3565; 19.0928 16.5453;];
end
